version https://git-lfs.github.com/spec/v1
oid sha256:f79910a537dfb86c3113005ca7f0688690995b7f7866295ca433e5191302f5d0
size 1989
